<?xml version="1.0" encoding="UTF-8"?>
<!DOCTYPE svg PUBLIC "-//W3C//DTD SVG 1.1//EN" "http://www.w3.org/Graphics/SVG/1.1/DTD/svg11.dtd">
<!-- Creator: CorelDRAW X8 -->
<svg xmlns="http://www.w3.org/2000/svg" xml:space="preserve" width="45.0195mm" height="50.9984mm" version="1.1" style="shape-rendering:geometricPrecision; text-rendering:geometricPrecision; image-rendering:optimizeQuality; fill-rule:evenodd; clip-rule:evenodd"
viewBox="0 0 8564 9701"
 xmlns:xlink="http://www.w3.org/1999/xlink">
 <defs>
  <font id="FontID0" horiz-adv-x="606" font-variant="normal" style="fill-rule:nonzero" font-weight="700">
	<font-face 
		font-family="Calibri">
		<font-face-src>
			<font-face-name name="Calibri Bold"/>
		</font-face-src>
	</font-face>
   <missing-glyph><path d="M0 0z"/></missing-glyph>
   <glyph unicode="c" horiz-adv-x="418" d="M391.005 85.9922c0,-8.49115 -0.180115,-15.4899 -0.669,-21.3308 -0.514615,-5.66077 -1.15788,-10.4981 -2.007,-14.4864 -0.823384,-3.83388 -1.82688,-6.99876 -2.98477,-9.52038 -1.18361,-2.49588 -3.6795,-5.48065 -7.51338,-9.31453 -3.98827,-3.6795 -10.6525,-8.33676 -19.9928,-13.663 -9.49465,-5.352 -20.1729,-10.1894 -32.3436,-14.5121 -11.9905,-4.16838 -24.9846,-7.66776 -39.1622,-10.1636 -14.1776,-2.676 -28.8442,-4.014 -43.8195,-4.014 -33.5014,0 -63.169,5.17188 -89.0027,15.67 -26.0138,10.3438 -47.6791,25.8337 -65.3304,46.1867 -17.5226,20.3273 -30.8512,45.3119 -39.6768,74.6449 -9.00576,29.3331 -13.5086,62.8345 -13.5086,100.684 0,43.6651 5.50638,81.4893 16.339,113.164 11.0128,31.8289 26.1682,58.1515 45.6721,78.9934 19.5039,20.8419 42.6616,36.3318 69.3186,46.4955 26.6828,10.1636 56.0159,15.1811 87.9992,15.1811 13.0198,0 25.6793,-1.18361 38.3388,-3.49938 12.5051,-2.18711 24.1612,-5.352 35.1739,-9.18588 10.8326,-3.98827 20.6618,-8.31103 29.1529,-13.1484 8.67126,-5.0175 14.8466,-9.18588 18.346,-12.8396 3.65377,-3.49938 6.17538,-6.50988 7.66776,-9.00576 1.338,-2.49588 2.49588,-5.66077 3.31927,-9.49465 0.849115,-3.98827 1.51811,-8.82565 2.007,-14.5121 0.514615,-5.81515 0.669,-12.6595 0.669,-20.8162 0,-19.015 -1.49238,-32.3436 -4.83738,-40.0113 -3.31927,-7.66776 -7.48765,-11.5016 -12.6595,-11.5016 -5.50638,0 -11.5016,2.3415 -17.677,6.84438 -6.14965,4.50288 -13.4829,9.67476 -21.9998,15.1554 -8.31103,5.50638 -18.5004,10.6783 -30.1564,15.1811 -11.656,4.50288 -25.6793,6.81865 -41.9926,6.81865 -32.0091,0 -56.3503,-12.325 -73.3326,-36.8207 -16.8536,-24.6758 -25.3448,-60.6731 -25.3448,-108.172 0,-23.3378 2.16138,-43.9996 6.32977,-62.0111 4.3485,-17.8314 10.4981,-32.8324 18.8349,-44.823 8.33676,-11.9905 18.6805,-21.1764 31.1599,-27.1717 12.6853,-5.99527 27.1717,-9.00576 43.8452,-9.00576 16.8279,0 31.4944,2.52161 43.6651,7.66776 12.1706,5.0175 22.8232,10.6783 32.0091,16.8536 8.98003,6.14965 16.6478,11.8361 23.0033,16.8279 6.14965,5.17188 11.3215,7.66776 15.4899,7.66776 3.0105,0 5.32627,-0.849115 7.33326,-2.49588 2.007,-1.6725 3.49938,-4.683 4.65727,-9.00576 1.18361,-4.50288 2.007,-10.1636 2.676,-17.008 0.669,-6.81865 1.0035,-15.67 1.0035,-26.5027z"/>
   <glyph unicode="t" horiz-adv-x="346" d="M319.988 59.3351c0,-14.332 -0.823384,-25.3448 -2.65027,-33.0126 -1.82688,-7.66776 -4.16838,-12.994 -7.17888,-15.9788 -2.83038,-3.16488 -7.15315,-6.021 -12.8139,-8.33676 -5.84088,-2.49588 -12.5051,-4.683 -20.1729,-6.32977 -7.51338,-1.85261 -15.8501,-3.16488 -24.8302,-4.16838 -9.00576,-1.0035 -18.0115,-1.51811 -27.1717,-1.51811 -24.3413,0 -45.492,3.16488 -63.5035,9.34026 -17.8314,6.17538 -32.6781,15.67 -44.4885,28.5097 -11.6818,12.8139 -20.353,28.9986 -25.8337,48.6569 -5.50638,19.5039 -8.33676,42.6616 -8.33676,69.3444l0 223.163 -52.851 0c-6.14965,0 -10.987,3.83388 -14.1519,11.5016 -3.345,7.66776 -4.99177,20.4817 -4.99177,38.4932 0,9.49465 0.308769,17.4969 1.15788,24.0068 0.823384,6.48415 2.16138,11.656 3.83388,15.4899 1.49238,3.6795 3.65377,6.32977 6.14965,8.00226 2.3415,1.6725 5.352,2.49588 8.51688,2.49588l52.3364 0 0 97.4938c0,3.19061 0.823384,6.17538 2.65027,8.85138 1.85261,2.49588 5.17188,4.65727 9.85488,6.48415 4.65727,1.85261 11.1414,3.16488 19.1437,4.014 8.00226,0.823384 17.8314,1.15788 29.6676,1.15788 12.0163,0 21.9998,-0.3345 30.0021,-1.15788 8.00226,-0.849115 14.332,-2.16138 19.015,-4.014 4.50288,-1.82688 7.82215,-3.98827 9.64903,-6.48415 2.007,-2.676 3.0105,-5.66077 3.0105,-8.85138l0 -97.4938 94.5091 0c3.31927,0 6.14965,-0.823384 8.49115,-2.49588 2.49588,-1.6725 4.50288,-4.32277 6.17538,-8.00226 1.64677,-3.83388 2.83038,-9.00576 3.65377,-15.4899 0.849115,-6.50988 1.15788,-14.5121 1.15788,-24.0068 0,-18.0115 -1.64677,-30.8254 -4.81165,-38.4932 -3.345,-7.66776 -8.00226,-11.5016 -14.1776,-11.5016l-94.9979 0 0 -204.662c0,-23.8524 3.65377,-41.6838 11.1671,-53.52 7.48765,-11.8104 20.8419,-17.8314 40.0113,-17.8314 6.48415,0 12.325,0.514615 17.4969,1.6725 5.14615,1.15788 9.82915,2.49588 13.8174,4.014 4.16838,1.31227 7.51338,2.65027 10.3438,3.83388 2.65027,1.15788 5.32627,1.64677 7.48765,1.64677 2.007,0 3.83388,-0.488884 5.6865,-1.64677 1.64677,-1.18361 3.16488,-3.345 4.16838,-6.84438 0.823384,-3.345 1.82688,-8.00226 2.65027,-13.8431 0.849115,-5.99527 1.15788,-13.3285 1.15788,-22.4887z"/>
   <glyph unicode="n" horiz-adv-x="536" d="M478 16.4934c0,-3.16488 -1.0035,-5.99527 -3.0105,-8.49115 -1.82688,-2.49588 -5.14615,-4.50288 -9.64903,-6.17538 -4.683,-1.49238 -11.0128,-2.83038 -19.015,-3.65377 -8.00226,-0.849115 -17.8314,-1.18361 -29.4874,-1.18361 -12.1706,0 -22.1799,0.3345 -30.1822,1.18361 -7.97653,0.823384 -14.332,2.16138 -18.9893,3.65377 -4.50288,1.6725 -7.82215,3.6795 -9.67476,6.17538 -1.98127,2.49588 -2.98477,5.32627 -2.98477,8.49115l0 248.508c0,21.1764 -1.51811,37.8242 -4.683,49.8405 -2.98477,12.1706 -7.48765,22.4887 -13.3285,30.9798 -5.84088,8.67126 -13.4829,15.3355 -22.6688,20.1729 -9.31453,4.683 -19.9928,6.99876 -32.3178,6.99876 -15.67,0 -31.3401,-5.66077 -47.3446,-17.1624 -15.8244,-11.3215 -32.4979,-27.9951 -49.6604,-49.6604l0 -289.677c0,-3.16488 -1.0035,-5.99527 -3.0105,-8.49115 -1.82688,-2.49588 -5.17188,-4.50288 -9.98353,-6.17538 -4.683,-1.49238 -11.0128,-2.83038 -18.6805,-3.65377 -7.82215,-0.849115 -17.8314,-1.18361 -29.8219,-1.18361 -12.0163,0 -21.9998,0.3345 -29.8477,1.18361 -7.66776,0.823384 -13.9975,2.16138 -18.6548,3.65377 -4.83738,1.6725 -8.18238,3.6795 -10.0093,6.17538 -2.007,2.49588 -2.98477,5.32627 -2.98477,8.49115l0 436.008c0,3.16488 0.823384,5.99527 2.49588,8.49115 1.49238,2.49588 4.50288,4.50288 8.67126,6.17538 4.32277,1.49238 9.64903,2.83038 16.3133,3.65377 6.66427,0.849115 15.1811,1.18361 25.1647,1.18361 10.4981,0 19.015,-0.3345 25.8337,-1.18361 6.84438,-0.823384 12.1706,-2.16138 16.0045,-3.65377 3.6795,-1.6725 6.32977,-3.6795 8.00226,-6.17538 1.6725,-2.49588 2.49588,-5.32627 2.49588,-8.49115l0 -50.3294c24.0068,25.9881 48.5025,45.3376 73.5128,58.3316 24.8302,12.994 50.8182,19.5039 77.8355,19.5039 29.6676,0 54.6521,-4.83738 75.0051,-14.6665 20.3273,-9.67476 36.6663,-23.0033 49.3259,-39.8312 12.5051,-16.6735 21.4852,-36.3318 26.9916,-58.8462 5.50638,-22.4887 8.33676,-49.506 8.33676,-81.0004l0 -269.169z"/>
   <glyph unicode="I" horiz-adv-x="266" d="M197.998 17.4969c0,-3.16488 -1.0035,-6.17538 -3.16488,-8.82565 -2.16138,-2.49588 -5.66077,-4.683 -10.4981,-6.32977 -4.83738,-1.51811 -11.5016,-2.83038 -19.5039,-3.83388 -8.15665,-1.0035 -18.6548,-1.51811 -31.3401,-1.51811 -12.325,0 -22.6688,0.514615 -30.9798,1.51811 -8.33676,1.0035 -15.001,2.31577 -19.8384,3.83388 -4.83738,1.64677 -8.33676,3.83388 -10.4981,6.32977 -2.18711,2.65027 -3.16488,5.66077 -3.16488,8.82565l0 597.005c0,3.16488 0.977769,6.17538 3.16488,8.82565 2.16138,2.49588 5.66077,4.683 10.8326,6.32977 4.99177,1.6725 11.5016,2.83038 19.6583,3.83388 8.15665,1.0035 18.5004,1.51811 30.8254,1.51811 12.6853,0 23.1834,-0.514615 31.3401,-1.51811 8.00226,-1.0035 14.6665,-2.16138 19.5039,-3.83388 4.83738,-1.64677 8.33676,-3.83388 10.4981,-6.32977 2.16138,-2.65027 3.16488,-5.66077 3.16488,-8.82565l0 -597.005z"/>
   <glyph unicode="h" horiz-adv-x="536" d="M478 16.4934c0,-3.16488 -1.0035,-5.99527 -3.0105,-8.49115 -1.82688,-2.49588 -5.14615,-4.50288 -9.64903,-6.17538 -4.683,-1.49238 -11.0128,-2.83038 -19.015,-3.65377 -8.00226,-0.849115 -17.8314,-1.18361 -29.4874,-1.18361 -12.1706,0 -22.1799,0.3345 -30.1822,1.18361 -7.97653,0.823384 -14.332,2.16138 -18.9893,3.65377 -4.50288,1.6725 -7.82215,3.6795 -9.67476,6.17538 -1.98127,2.49588 -2.98477,5.32627 -2.98477,8.49115l0 248.508c0,21.1764 -1.51811,37.8242 -4.683,49.8405 -2.98477,12.1706 -7.48765,22.4887 -13.3285,30.9798 -5.84088,8.67126 -13.4829,15.3355 -22.6688,20.1729 -9.31453,4.683 -19.9928,6.99876 -32.3178,6.99876 -15.67,0 -31.3401,-5.66077 -47.3446,-17.1624 -15.8244,-11.3215 -32.4979,-27.9951 -49.6604,-49.6604l0 -289.677c0,-3.16488 -1.0035,-5.99527 -3.0105,-8.49115 -1.82688,-2.49588 -5.17188,-4.50288 -9.98353,-6.17538 -4.683,-1.49238 -11.0128,-2.83038 -18.6805,-3.65377 -7.82215,-0.849115 -17.8314,-1.18361 -29.8219,-1.18361 -12.0163,0 -21.9998,0.3345 -29.8477,1.18361 -7.66776,0.823384 -13.9975,2.16138 -18.6548,3.65377 -4.83738,1.6725 -8.18238,3.6795 -10.0093,6.17538 -2.007,2.49588 -2.98477,5.32627 -2.98477,8.49115l0 642.497c0,3.345 0.977769,6.17538 2.98477,8.85138 1.82688,2.49588 5.17188,4.83738 10.0093,6.48415 4.65727,1.85261 10.987,3.16488 18.6548,4.16838 7.84788,1.0035 17.8314,1.51811 29.8477,1.51811 11.9905,0 21.9998,-0.514615 29.8219,-1.51811 7.66776,-1.0035 13.9975,-2.31577 18.6805,-4.16838 4.81165,-1.64677 8.15665,-3.98827 9.98353,-6.48415 2.007,-2.676 3.0105,-5.6865 3.0105,-8.85138l0 -240.994c21.1507,20.8419 42.6616,36.3318 64.6614,46.6756 21.9998,10.1636 44.823,15.3355 68.6754,15.3355 29.6676,0 54.6521,-4.83738 75.0051,-14.6665 20.3273,-9.67476 36.6663,-23.1834 49.3259,-40.0113 12.5051,-17.008 21.4852,-36.6663 26.9916,-59.3351 5.50638,-22.6688 8.33676,-50.1492 8.33676,-82.3384l0 -267.162z"/>
   <glyph unicode="v" horiz-adv-x="473" d="M462.51 452.99c0,-1.64677 0,-3.65377 -0.180115,-5.99527 -0.154385,-2.16138 -0.488884,-4.65727 -1.0035,-7.48765 -0.488884,-2.83038 -1.15788,-5.99527 -1.98127,-9.49465 -0.849115,-3.6795 -1.85261,-7.66776 -3.19061,-12.1706l-130.815 -394.504c-1.51811,-5.50638 -3.83388,-10.0093 -6.50988,-13.3285 -2.83038,-3.49938 -7.33326,-6.17538 -13.663,-8.18238 -6.32977,-1.82688 -15.001,-3.16488 -25.8337,-3.83388 -10.8326,-0.669 -25.1647,-1.0035 -42.6616,-1.0035 -17.1624,0 -31.3401,0.3345 -42.1727,1.18361 -10.8326,0.823384 -19.5039,2.31577 -25.6536,4.16838 -6.17538,1.98127 -10.6783,4.65727 -13.3543,8.15665 -2.83038,3.345 -4.99177,7.66776 -6.66427,12.8396l-130.481 394.504c-2.007,6.48415 -3.52511,12.325 -4.683,17.4969 -1.15788,5.17188 -1.82688,9.00576 -2.007,11.3215 -0.154385,2.16138 -0.154385,4.3485 -0.154385,6.32977 0,3.16488 0.823384,6.021 2.676,8.51688 1.82688,2.49588 4.99177,4.50288 9.49465,6.14965 4.50288,1.51811 10.8326,2.676 18.6548,3.345 8.00226,0.669 18.0115,1.0035 30.0021,1.0035 13.3285,0 24.0068,-0.3345 32.1634,-1.18361 8.00226,-0.823384 14.5121,-1.98127 19.1694,-3.49938 4.683,-1.49238 8.00226,-3.49938 10.0093,-6.32977 1.82688,-2.83038 3.49938,-6.14965 4.83738,-9.98353l98.9862 -320.168 3.0105 -12.1706 2.83038 12.1706 97.1593 320.168c1.0035,3.83388 2.49588,7.15315 4.683,9.98353 2.16138,2.83038 5.48065,4.83738 9.98353,6.32977 4.683,1.51811 10.6783,2.676 18.346,3.49938 7.82215,0.849115 17.8314,1.18361 30.1564,1.18361 12.1706,0 21.9998,-0.3345 29.6676,-1.0035 7.66776,-0.669 13.663,-1.82688 17.8314,-3.345 4.3485,-1.64677 7.17888,-3.65377 8.82565,-6.14965 1.6725,-2.49588 2.52161,-5.352 2.52161,-8.51688z"/>
   <glyph unicode="T" horiz-adv-x="495" d="M488.987 579.328c0,-9.49465 -0.308769,-17.4969 -1.15788,-24.3156 -0.823384,-6.69 -2.007,-12.0163 -3.65377,-16.0045 -1.6725,-4.16838 -3.6795,-7.17888 -6.17538,-9.00576 -2.3415,-2.007 -5.17188,-3.0105 -8.00226,-3.0105l-157.987 0 0 -509.495c0,-3.16488 -1.0035,-6.17538 -3.19061,-8.82565 -2.16138,-2.49588 -5.66077,-4.683 -10.4981,-6.32977 -4.81165,-1.51811 -11.5016,-2.83038 -19.8127,-3.83388 -8.33676,-1.0035 -18.6805,-1.51811 -31.0056,-1.51811 -12.325,0 -22.6688,0.514615 -31.0056,1.51811 -8.33676,1.0035 -15.001,2.31577 -19.8384,3.83388 -4.83738,1.64677 -8.33676,3.83388 -10.4981,6.32977 -2.16138,2.65027 -3.16488,5.66077 -3.16488,8.82565l0 509.495 -157.987 0c-3.16488,0 -6.021,1.0035 -8.33676,3.0105 -2.16138,1.82688 -4.16838,4.83738 -5.84088,9.00576 -1.49238,3.98827 -2.83038,9.31453 -3.65377,16.0045 -0.849115,6.81865 -1.18361,14.8209 -1.18361,24.3156 0,9.67476 0.3345,18.0115 1.18361,24.8302 0.823384,6.84438 2.16138,12.3508 3.65377,16.339 1.6725,4.16838 3.6795,6.99876 5.84088,8.82565 2.31577,1.85261 5.17188,2.676 8.33676,2.676l444.988 0c2.83038,0 5.50638,-0.823384 8.00226,-2.676 2.49588,-1.82688 4.50288,-4.65727 6.17538,-8.82565 1.64677,-3.98827 2.83038,-9.49465 3.65377,-16.339 0.849115,-6.81865 1.15788,-15.1554 1.15788,-24.8302z"/>
   <glyph unicode="e" horiz-adv-x="503" d="M464.003 246.99c0,-15.001 -3.345,-25.9881 -10.0093,-33.1669 -6.66427,-7.15315 -15.8244,-10.8326 -27.6606,-10.8326l-265.336 0c0,-18.5004 2.16138,-35.1482 6.66427,-50.3294 4.3485,-15.001 11.3473,-27.8149 20.8419,-38.3388 9.67476,-10.4981 21.9998,-18.5004 37.1552,-23.9811 15.1811,-5.50638 33.1669,-8.33676 54.3434,-8.33676 21.4852,0 40.3201,1.49238 56.6591,4.65727 16.1846,3.16488 30.3366,6.50988 42.1727,10.3438 11.8361,3.83388 21.6653,7.15315 29.4874,10.318 7.84788,3.16488 14.1776,4.683 19.015,4.683 2.98477,0 5.50638,-0.514615 7.33326,-1.6725 2.007,-1.15788 3.65377,-3.16488 4.99177,-6.17538 1.18361,-2.83038 2.16138,-6.99876 2.676,-12.325 0.488884,-5.32627 0.669,-12.1706 0.669,-20.1729 0,-7.15315 -0.180115,-13.3285 -0.514615,-18.3203 -0.3345,-5.0175 -0.823384,-9.34026 -1.49238,-12.8396 -0.669,-3.6795 -1.49238,-6.66427 -2.83038,-9.00576 -1.338,-2.49588 -3.0105,-4.83738 -5.17188,-7.15315 -2.16138,-2.18711 -7.82215,-5.352 -17.3425,-9.34026 -9.49465,-3.98827 -21.4852,-7.82215 -36.1517,-11.656 -14.6665,-3.83388 -31.3401,-7.17888 -50.175,-10.0093 -18.8349,-2.83038 -38.9821,-4.3485 -60.493,-4.3485 -38.8277,0 -72.6636,4.83738 -101.842,14.6923 -28.9986,9.64903 -53.3141,24.4957 -72.9981,44.3084 -19.5039,19.8384 -33.9903,45.0031 -43.6651,75.1853 -9.49465,30.3366 -14.332,65.8193 -14.332,106.5 0,38.6733 4.99177,73.487 15.1811,104.673 9.98353,30.9798 24.6501,57.3281 43.9996,78.9934 19.1437,21.6653 42.4815,38.1587 69.9876,49.506 27.6606,11.4759 58.6661,17.1624 93.1711,17.1624 36.4862,0 67.6719,-5.352 93.5056,-16.1846 25.9881,-10.6525 47.1645,-25.6536 63.8123,-44.6686 16.5191,-18.9893 28.8442,-41.6581 36.6663,-67.6462 7.84788,-26.0138 11.6818,-54.3434 11.6818,-85.0144l0 -19.5039zm-119.005 35.0196c1.0035,34.4792 -5.99527,61.6509 -20.8419,81.3349 -14.8209,19.8127 -37.6441,29.6676 -68.6497,29.6676 -15.67,0 -29.3331,-3.0105 -40.8347,-8.85138 -11.6818,-5.81515 -21.3308,-13.663 -28.9986,-23.6723 -7.66776,-9.98353 -13.5086,-21.6653 -17.4969,-35.1482 -4.16838,-13.663 -6.50988,-27.9951 -7.17888,-43.3306l184.001 0z"/>
   <glyph unicode="g" horiz-adv-x="474" d="M454.174 422.01c0,-15.67 -1.85261,-27.1717 -5.50638,-34.6851 -3.49938,-7.48765 -7.82215,-11.3215 -13.1741,-11.3215l-51.1527 0c7.15315,-7.84788 12.1706,-16.6735 15.3355,-26.5027 3.16488,-10.0093 4.65727,-20.3273 4.65727,-31.0056 0,-25.3191 -4.32277,-47.8335 -12.6595,-67.4918 -8.51688,-19.6583 -20.6618,-36.3318 -36.5119,-49.8405 -15.67,-13.5086 -34.8394,-23.6723 -56.9936,-30.6711 -22.3343,-6.99876 -47.1645,-10.4981 -74.4905,-10.4981 -14.0233,0 -27.3518,1.6725 -40.0113,5.17188 -12.8396,3.345 -22.4887,7.33326 -29.3331,11.8361 -3.98827,-4.16838 -7.48765,-9.16015 -10.4981,-15.1811 -3.16488,-5.81515 -4.65727,-12.325 -4.65727,-19.4782 0,-9.52038 4.16838,-17.3425 12.4794,-23.3378 8.18238,-5.99527 19.8384,-9.34026 34.8394,-10.0093l106.011 -3.83388c24.6501,-1.0035 46.83,-4.50288 66.1538,-10.4981 19.3495,-5.99527 35.6628,-14.4864 48.837,-25.4992 13.1741,-10.8326 23.3378,-24.0068 30.3366,-39.1622 6.99876,-15.3355 10.4981,-32.8324 10.4981,-52.3364 0,-21.5109 -4.83738,-41.6581 -14.1776,-60.6731 -9.49465,-19.1694 -23.6466,-35.6628 -42.4815,-49.6604 -19.015,-13.9975 -42.6616,-25.0103 -71.1713,-33.1669 -28.5097,-8.15665 -61.6766,-12.1706 -99.8353,-12.1706 -37.0008,0 -68.6754,3.0105 -94.9979,8.85138 -26.1682,5.81515 -47.6791,13.9975 -64.3269,24.3156 -16.8536,10.4981 -28.9986,22.8489 -36.6663,37.3353 -7.66776,14.5121 -11.5016,30.3366 -11.5016,47.6791 0,10.6525 1.338,20.9963 4.16838,30.6453 2.83038,9.85488 6.81865,19.1694 12.1449,28.1752 5.352,8.82565 12.0163,17.4969 19.8384,25.4992 7.84788,8.18238 16.6735,16.0045 26.8372,23.4922 -13.9975,7.51338 -24.8302,17.677 -32.4979,30.5167 -7.66776,12.8396 -11.5016,26.9916 -11.5016,42.3271 0,19.1694 4.50288,36.6663 13.1741,52.4907 8.82565,15.8501 20.3273,30.0021 34.3248,42.8417 -11.5016,11.3473 -20.5074,25.0103 -27.3261,40.8347 -6.84438,16.0045 -10.3438,35.8429 -10.3438,59.4895 0,25.4992 4.50288,48.168 13.5086,68.1865 8.82565,19.9928 21.3308,36.8207 37.3353,50.6639 15.8244,13.8174 34.9938,24.3156 56.9936,31.6488 22.1799,7.33326 46.6756,11.0128 73.3326,11.0128 13.663,0 26.8372,-0.823384 39.3423,-2.3415 12.5051,-1.64677 24.1612,-3.83388 34.8394,-6.66427l138.148 0c5.50638,0 10.0093,-3.65377 13.5086,-10.8326 3.31927,-7.15315 5.17188,-19.1694 5.17188,-36.1517zm-157.832 -103.18c0,23.3378 -6.50988,41.6581 -19.5039,54.6779 -12.994,12.994 -31.3401,19.5039 -55.1667,19.5039 -12.0163,0 -22.6688,-2.007 -31.6746,-6.17538 -9.16015,-4.014 -16.6735,-9.49465 -22.8232,-16.4934 -5.99527,-6.99876 -10.4981,-15.1811 -13.3285,-24.5214 -3.0105,-9.31453 -4.3485,-18.9893 -4.3485,-28.9986 0,-22.1542 6.50988,-39.6511 19.5039,-52.4907 12.994,-12.8396 31.0056,-19.3238 54.1632,-19.3238 12.325,0 23.1577,1.98127 32.1634,5.81515 9.18588,4.014 16.6735,9.34026 22.6688,16.1846 6.17538,6.81865 10.6783,14.6665 13.8431,23.6466 2.98477,9.00576 4.50288,18.346 4.50288,28.1752zm28.8184 -347.494c0,14.4864 -5.81515,25.8337 -17.4969,33.5014 -11.8361,7.82215 -27.8407,12.1706 -48.3224,12.6595l-87.5103 2.49588c-8.33676,-6.14965 -15.1554,-12.1706 -20.1729,-17.8314 -5.14615,-5.66077 -9.16015,-10.987 -12.325,-16.339 -3.0105,-5.14615 -4.99177,-10.1636 -5.99527,-15.001 -1.0035,-4.81165 -1.49238,-9.98353 -1.49238,-15.1554 0,-16.1589 8.15665,-28.5097 24.6501,-37.0008 16.4934,-8.49115 39.6768,-12.6595 69.4988,-12.6595 18.6805,0 34.3506,1.82688 47.0101,5.66077 12.6595,3.6795 22.8232,8.67126 30.6711,14.8209 7.82215,6.17538 13.3285,13.0198 16.6478,20.6875 3.19061,7.66776 4.83738,15.67 4.83738,24.1612z"/>
   <glyph unicode="S" horiz-adv-x="472" d="M444.01 189.661c0,-33.3213 -6.17538,-62.3199 -18.5004,-87.4846 -12.5051,-25.0103 -29.1787,-45.8522 -50.3551,-62.6801 -21.3308,-16.6735 -45.9809,-29.3331 -74.3104,-37.8242 -28.3553,-8.51688 -58.6661,-12.6853 -91.0097,-12.6853 -21.8454,0 -41.9926,1.85261 -60.8275,5.50638 -18.6805,3.6795 -35.1739,8.00226 -49.506,13.1741 -14.332,4.99177 -26.3226,10.3438 -35.9973,16.0045 -9.67476,5.66077 -16.4934,10.6525 -20.8419,14.8209 -4.16838,4.3485 -7.15315,10.4981 -9.00576,18.5004 -1.82688,8.00226 -2.65027,19.3495 -2.65027,34.3506 0,10.1636 0.3345,18.5004 1.0035,25.3191 0.669,6.84438 1.64677,12.325 3.16488,16.6735 1.49238,4.16838 3.49938,7.15315 5.81515,9.00576 2.52161,1.82688 5.352,2.65027 8.67126,2.65027 4.50288,0 11.0128,-2.65027 19.3495,-8.15665 8.31103,-5.32627 18.9893,-11.3473 31.9833,-17.8314 12.994,-6.50988 28.6641,-12.5051 46.83,-17.8314 18.0115,-5.50638 39.0078,-8.18238 62.8345,-8.18238 15.67,0 29.6676,1.85261 42.0183,5.50638 12.4794,3.83388 23.0033,9.00576 31.6488,15.8244 8.67126,6.84438 15.1811,15.1811 19.8384,25.1904 4.50288,9.98353 6.84438,21.1507 6.84438,33.4757 0,14.3578 -3.83388,26.6828 -11.6818,36.8464 -7.82215,10.3438 -17.9858,19.3238 -30.6711,27.3261 -12.4794,8.00226 -26.8114,15.5156 -42.816,22.5144 -15.8501,6.99876 -32.3436,14.332 -49.3516,22.1542 -16.9823,7.84788 -33.4757,16.6735 -49.3259,26.6828 -16.0045,9.82915 -30.3366,21.6653 -42.816,35.4827 -12.6853,13.8431 -22.8489,30.1822 -30.6711,49.1715 -7.84788,18.8349 -11.6818,41.5037 -11.6818,67.8263 0,30.1822 5.6865,56.8392 16.8279,79.8425 11.1671,22.8232 26.3483,41.8382 45.3376,56.9936 19.1694,15.1811 41.5037,26.5027 67.3374,34.0161 25.8337,7.48765 53.3399,11.1671 82.3384,11.1671 14.8209,0 29.8219,-1.18361 44.823,-3.49938 15.001,-2.18711 28.9986,-5.352 42.0183,-9.18588 12.994,-3.98827 24.4957,-8.33676 34.6593,-13.1484 10.0093,-5.0175 16.6735,-9.00576 19.9928,-12.3508 3.16488,-3.16488 5.352,-5.99527 6.50988,-8.15665 1.15788,-2.3415 2.16138,-5.32627 2.98477,-9.16015 0.849115,-3.6795 1.338,-8.33676 1.6725,-14.1776 0.3345,-5.66077 0.514615,-12.6595 0.514615,-21.1764 0,-9.31453 -0.180115,-17.3168 -0.669,-23.8267 -0.514615,-6.48415 -1.338,-11.8361 -2.49588,-16.1589 -1.18361,-4.16838 -2.85611,-7.33326 -4.83738,-9.16015 -2.16138,-2.007 -5.0175,-3.0105 -8.67126,-3.0105 -3.49938,0 -9.16015,2.3415 -17.008,6.84438 -7.82215,4.47715 -17.4969,9.49465 -28.8184,15.001 -11.5016,5.32627 -24.6758,10.1636 -39.6768,14.4864 -15.001,4.50288 -31.3401,6.66427 -49.3259,6.66427 -13.9975,0 -26.1682,-1.6725 -36.6663,-5.17188 -10.3438,-3.31927 -19.015,-8.15665 -26.0138,-14.1519 -6.99876,-5.99527 -12.325,-13.1741 -15.67,-21.6653 -3.49938,-8.51688 -5.14615,-17.4969 -5.14615,-26.8372 0,-13.9975 3.83388,-26.1682 11.5016,-36.3318 7.66776,-10.3438 17.9858,-19.5039 30.8254,-27.5062 12.8396,-7.82215 27.5062,-15.3355 43.8195,-22.3343 16.1846,-6.99876 32.8324,-14.4864 49.8405,-22.1542 17.008,-7.84788 33.6816,-16.6735 49.8405,-26.6828 16.339,-9.98353 30.8254,-21.8197 43.6651,-35.6628 12.6595,-13.8431 23.0033,-30.0021 30.8254,-48.837 7.84788,-18.6548 11.6818,-40.6546 11.6818,-65.9994z"/>
   <glyph unicode=" " horiz-adv-x="225" d=""/>
   <glyph unicode="a" horiz-adv-x="493" d="M432.997 15.001c0,-4.50288 -1.6725,-8.00226 -4.83738,-10.6783 -3.31927,-2.65027 -8.49115,-4.47715 -15.4899,-5.66077 -6.99876,-1.15788 -17.3425,-1.6725 -31.1599,-1.6725 -14.6665,0 -25.3448,0.514615 -32.0091,1.6725 -6.66427,1.18361 -11.5016,3.0105 -14.1776,5.66077 -2.83038,2.676 -4.16838,6.17538 -4.16838,10.6783l0 34.6593c-17.9858,-19.1694 -38.3131,-33.9903 -61.3164,-44.6686 -22.8489,-10.6525 -48.3481,-16.0045 -76.3431,-16.0045 -23.0033,0 -44.3341,3.0105 -63.6579,9.00576 -19.3495,5.99527 -35.9973,15.001 -50.175,26.8372 -14.1519,11.9905 -25.1647,26.6571 -32.9868,44.1797 -7.84788,17.6513 -11.6818,38.1587 -11.6818,61.4965 0,25.4992 5.0175,47.499 14.8466,66.1538 9.98353,18.8349 24.8302,34.1704 44.4885,46.4955 19.6583,12.1706 43.9996,21.1764 73.3326,27.0173 29.1787,5.81515 63.169,8.82565 101.842,8.82565l42.5072 0 0 26.3226c0,13.6888 -1.338,25.6793 -4.16838,36.0231 -2.676,10.1636 -7.33326,18.8349 -13.6888,25.6536 -6.32977,6.84438 -14.6665,11.8361 -25.3191,15.1811 -10.4981,3.16488 -23.6723,4.81165 -39.1622,4.81165 -20.5074,0 -38.8277,-2.31577 -54.8322,-6.81865 -16.1846,-4.50288 -30.3366,-9.67476 -42.6616,-15.1811 -12.3508,-5.48065 -22.6688,-10.6525 -31.0056,-15.1554 -8.33676,-4.50288 -15.001,-6.84438 -20.1729,-6.84438 -3.6795,0 -6.84438,1.18361 -9.49465,3.345 -2.83038,2.3415 -5.17188,5.66077 -6.84438,9.82915 -1.82688,4.16838 -3.16488,9.49465 -4.16838,15.67 -1.0035,6.17538 -1.49238,12.994 -1.49238,20.3273 0,10.1636 0.823384,18.1659 2.49588,24.0068 1.49238,5.84088 4.683,10.987 9.16015,15.8244 4.683,4.683 12.5051,9.82915 24.0068,15.5156 11.3473,5.66077 24.6758,10.987 40.0113,15.8244 15.3355,4.99177 31.9833,9.00576 49.9949,11.9905 18.1659,3.16488 36.8207,4.683 55.9901,4.683 34.1704,0 63.3491,-3.345 87.6647,-10.0093 24.1869,-6.66427 44.1797,-17.008 59.6696,-30.8254 15.67,-13.8431 27.1717,-31.6746 34.3506,-53.4942 7.15315,-21.691 10.6525,-47.6791 10.6525,-77.501l0 -293.176zm-120.986 187.011l-46.8557 0c-19.8127,0 -36.6663,-1.51811 -50.6639,-4.3485 -13.9975,-2.98477 -25.3191,-7.33326 -34.1704,-13.3285 -8.82565,-5.84088 -15.1554,-12.8396 -19.1437,-21.1764 -4.16838,-8.33676 -6.17538,-17.8314 -6.17538,-28.4839 0,-18.346 5.84088,-32.6781 17.3425,-42.9961 11.4759,-10.5239 27.4804,-15.67 47.9879,-15.67 17.1624,0 33.0126,4.32277 47.499,13.1484 14.5121,8.85138 29.1787,21.6653 44.1797,38.6733l0 74.1818z"/>
   <glyph unicode="r" horiz-adv-x="355" d="M341.987 411.821c0,-11.656 -0.308769,-21.3308 -0.977769,-28.8184 -0.669,-7.51338 -1.6725,-13.3285 -2.83038,-17.4969 -1.338,-4.16838 -3.19061,-7.17888 -5.17188,-8.85138 -2.16138,-1.64677 -4.83738,-2.31577 -8.18238,-2.31577 -2.49588,0 -5.48065,0.488884 -8.82565,1.6725 -3.16488,1.15788 -6.84438,2.31577 -10.987,3.65377 -4.014,1.338 -8.51688,2.49588 -13.3543,3.6795 -4.99177,1.15788 -10.318,1.64677 -16.1589,1.64677 -6.84438,0 -13.663,-1.31227 -20.5074,-4.16838 -6.81865,-2.83038 -13.9975,-6.99876 -21.3308,-12.994 -7.33326,-5.84088 -15.001,-13.663 -23.0033,-23.3378 -8.00226,-9.82915 -16.4934,-21.8197 -25.6536,-36.1517l0 -271.845c0,-3.16488 -1.0035,-5.99527 -3.0105,-8.49115 -1.82688,-2.49588 -5.17188,-4.50288 -9.98353,-6.17538 -4.683,-1.49238 -11.0128,-2.83038 -18.6805,-3.65377 -7.82215,-0.849115 -17.8314,-1.18361 -29.8219,-1.18361 -12.0163,0 -21.9998,0.3345 -29.8477,1.18361 -7.66776,0.823384 -13.9975,2.16138 -18.6548,3.65377 -4.83738,1.6725 -8.18238,3.6795 -10.0093,6.17538 -2.007,2.49588 -2.98477,5.32627 -2.98477,8.49115l0 436.008c0,3.16488 0.823384,5.99527 2.49588,8.49115 1.49238,2.49588 4.50288,4.50288 8.67126,6.17538 4.32277,1.49238 9.64903,2.83038 16.3133,3.65377 6.66427,0.849115 15.1811,1.18361 25.1647,1.18361 10.4981,0 19.015,-0.3345 25.8337,-1.18361 6.84438,-0.823384 12.1706,-2.16138 16.0045,-3.65377 3.6795,-1.6725 6.32977,-3.6795 8.00226,-6.17538 1.6725,-2.49588 2.49588,-5.32627 2.49588,-8.49115l0 -54.3434c11.3473,16.339 22.1799,29.6676 32.1634,40.1657 10.1894,10.4981 19.8384,19.015 28.8442,25.1647 9.16015,6.17538 18.3203,10.5239 27.5062,12.8396 9.00576,2.49588 18.1659,3.6795 27.3261,3.6795 4.16838,0 8.82565,-0.180115 13.663,-0.669 4.83738,-0.514615 10.0093,-1.338 15.1811,-2.49588 5.14615,-1.18361 9.82915,-2.52161 13.663,-3.83388 3.98827,-1.51811 6.81865,-3.0105 8.67126,-4.683 1.64677,-1.64677 2.98477,-3.49938 3.83388,-5.32627 0.823384,-2.007 1.49238,-4.65727 2.16138,-8.15665 0.669,-3.345 1.15788,-8.51688 1.49238,-15.3355 0.3345,-6.84438 0.488884,-16.0045 0.488884,-27.6863z"/>
   <glyph unicode="l" horiz-adv-x="245" d="M185.004 16.4934c0,-3.16488 -1.0035,-5.99527 -3.0105,-8.49115 -1.82688,-2.49588 -5.17188,-4.50288 -9.98353,-6.17538 -4.683,-1.49238 -11.0128,-2.83038 -18.6805,-3.65377 -7.82215,-0.849115 -17.8314,-1.18361 -29.8219,-1.18361 -12.0163,0 -21.9998,0.3345 -29.8477,1.18361 -7.66776,0.823384 -13.9975,2.16138 -18.6548,3.65377 -4.83738,1.6725 -8.18238,3.6795 -10.0093,6.17538 -2.007,2.49588 -2.98477,5.32627 -2.98477,8.49115l0 642.497c0,3.345 0.977769,6.17538 2.98477,8.85138 1.82688,2.49588 5.17188,4.83738 10.0093,6.48415 4.65727,1.85261 10.987,3.16488 18.6548,4.16838 7.84788,1.0035 17.8314,1.51811 29.8477,1.51811 11.9905,0 21.9998,-0.514615 29.8219,-1.51811 7.66776,-1.0035 13.9975,-2.31577 18.6805,-4.16838 4.81165,-1.64677 8.15665,-3.98827 9.98353,-6.48415 2.007,-2.676 3.0105,-5.50638 3.0105,-8.85138l0 -642.497z"/>
   <glyph unicode="i" horiz-adv-x="245" d="M185.004 16.4934c0,-3.16488 -1.0035,-5.99527 -3.0105,-8.49115 -1.82688,-2.49588 -5.17188,-4.50288 -9.98353,-6.17538 -4.683,-1.49238 -11.0128,-2.83038 -18.6805,-3.65377 -7.82215,-0.849115 -17.8314,-1.18361 -29.8219,-1.18361 -12.0163,0 -21.9998,0.3345 -29.8477,1.18361 -7.66776,0.823384 -13.9975,2.16138 -18.6548,3.65377 -4.83738,1.6725 -8.18238,3.6795 -10.0093,6.17538 -2.007,2.49588 -2.98477,5.32627 -2.98477,8.49115l0 435.004c0,3.16488 0.977769,5.99527 2.98477,8.49115 1.82688,2.52161 5.17188,4.683 10.0093,6.3555 4.65727,1.82688 10.987,3.16488 18.6548,4.16838 7.84788,0.977769 17.8314,1.49238 29.8477,1.49238 11.9905,0 21.9998,-0.514615 29.8219,-1.49238 7.66776,-1.0035 13.9975,-2.3415 18.6805,-4.16838 4.81165,-1.6725 8.15665,-3.83388 9.98353,-6.3555 2.007,-2.49588 3.0105,-5.32627 3.0105,-8.49115l0 -435.004zm9.98353 584.011c0,-24.8302 -4.99177,-41.8382 -15.1554,-51.3329 -10.1636,-9.49465 -28.8442,-14.1776 -56.3246,-14.1776 -27.6863,0 -46.4955,4.50288 -56.0159,13.663 -9.64903,9.18588 -14.4864,25.6793 -14.4864,49.3516 0,24.8302 4.99177,41.9926 15.001,51.6674 9.82915,9.49465 28.6641,14.332 56.5047,14.332 27.3261,0 45.9809,-4.683 55.81,-13.9975 9.85488,-9.18588 14.6665,-25.6793 14.6665,-49.506z"/>
  </font>
  <style type="text/css">
   <![CDATA[
    @font-face { font-family:"Calibri";font-variant:normal;font-weight:bold;src:url("#FontID0") format(svg)}
    .fil0 {fill:#FEFEFE}
    .fil2 {fill:#EE8220}
    .fil1 {fill:#0094D0}
    .fnt0 {font-weight:bold;font-size:739.273px;font-family:'Calibri'}
   ]]>
  </style>
 </defs>
 <g id="Capa_x0020_1">
  <metadata id="CorelCorpID_0Corel-Layer"/>
  <rect class="fil0" width="8564" height="9701"/>
  <g id="_2872125795328">
   <path class="fil1" d="M431 423l6382 0 1346 1347 0 5825 -7728 0 0 -7172zm6713 0l1015 0 0 1016 -1015 -1016z"/>
   <path class="fil0" d="M1530 1998c49,49 94,99 133,153 39,55 79,103 122,146 0,31 -6,61 -16,89 -11,27 -23,54 -35,79 -13,25 -25,52 -35,79 -11,28 -16,58 -16,89 32,43 55,94 69,153 14,59 22,124 26,194 4,70 6,144 3,222 -2,79 -3,158 -3,238 0,164 -5,319 -16,468 -10,148 -16,272 -16,371 0,64 2,129 3,195 1,67 12,144 36,231 -5,30 -7,59 -7,89 0,30 0,59 0,89 0,153 6,309 16,471 11,162 16,326 16,489 0,67 2,134 6,201 5,67 7,132 7,196 0,63 -3,126 -11,187 -7,62 -23,121 -46,178 -45,0 -79,-5 -103,-15 -25,-9 -45,-23 -61,-41 -15,-18 -29,-39 -41,-64 -12,-26 -28,-56 -50,-89 0,10 -2,19 -6,25 -4,6 -10,12 -16,16 -6,4 -12,9 -16,16 -4,6 -6,15 -6,25l-254 0c0,23 -7,52 -19,86 -13,34 -19,62 -19,86l-128 0c0,-49 -7,-93 -22,-133 -15,-39 -22,-79 -22,-121 30,-45 58,-94 85,-147 26,-53 51,-110 74,-171 -66,72 -161,108 -286,108 -11,-64 -17,-129 -20,-197 -3,-68 -6,-137 -6,-207 0,-70 1,-138 4,-206 2,-68 3,-134 3,-197 34,-13 51,-53 51,-121 0,-38 -6,-78 -16,-120 -11,-41 -23,-73 -35,-96 19,-19 36,-55 50,-107 13,-52 24,-112 32,-182 9,-70 15,-144 19,-223 5,-78 7,-153 7,-225 0,-81 -1,-154 -4,-219 -4,-66 -11,-114 -22,-143 11,-32 18,-62 23,-88 4,-27 7,-51 9,-75 2,-23 5,-45 10,-66 4,-21 11,-43 22,-64 0,-127 -4,-255 -13,-383 -8,-128 -18,-257 -28,-386 -11,-129 -21,-258 -29,-386 -8,-128 -13,-256 -13,-383 43,-10 90,-21 143,-30 53,-10 107,-18 162,-27 55,-8 109,-18 162,-27 53,-10 101,-19 143,-30zm-127 3088c-10,11 -19,18 -25,24 -6,5 -12,9 -16,11 -4,2 -10,4 -16,4 -6,0 -15,0 -25,0 -11,23 -19,43 -26,60 -6,17 -11,33 -16,48 -4,14 -9,30 -16,47 -6,17 -14,37 -25,61l-89 0c0,-24 0,-45 -1,-64 -1,-19 -14,-40 -37,-63l-45 0c0,86 4,162 10,226 6,65 31,129 73,193 49,-106 98,-208 146,-305 49,-98 85,-178 108,-242zm-31 -2859c-24,0 -53,7 -91,22 -37,15 -77,22 -119,22l0 464c40,-85 77,-167 110,-248 33,-80 80,-152 144,-216l-44 -44zm-7 1506c-23,23 -46,52 -71,86 -24,33 -58,62 -100,85l0 248 -45 0 0 89 45 0c29,-85 53,-150 69,-197 17,-46 31,-86 42,-117 10,-32 20,-62 28,-89 9,-28 19,-63 32,-105zm-89 928c-21,23 -37,41 -49,54 -11,12 -23,22 -33,28 -11,7 -22,13 -33,19 -12,7 -29,15 -50,26l0 209c23,-23 37,-50 41,-82 5,-32 18,-59 42,-83l44 0 38 -171zm45 -210l0 127 44 -127 -44 0zm2453 -1665c25,89 42,191 51,305 8,114 12,233 12,356 0,165 -4,325 -12,480 -9,154 -13,280 -13,378 0,84 7,161 22,229 15,67 22,133 22,197 0,46 -2,91 -6,133 -4,42 -6,87 -6,133 0,149 5,302 15,461 11,159 16,317 16,474 0,135 -6,265 -19,390 -12,125 -40,243 -82,353 -64,-21 -112,-53 -143,-95 -32,-43 -69,-95 -112,-159 0,21 -8,40 -25,57l-19 26c-21,0 -48,3 -79,9 -32,6 -64,17 -96,32 -32,15 -59,33 -82,54 -24,21 -35,46 -35,76l-127 0c0,-21 -8,-51 -23,-89 -14,-38 -22,-80 -22,-127l254 -508 -44 -38c-34,93 -68,167 -102,222 -34,55 -87,83 -159,83 -34,0 -59,-23 -76,-67 -17,-45 -31,-98 -41,-159 -11,-61 -17,-125 -19,-191 -2,-65 -4,-119 -4,-162 0,-59 7,-112 19,-159 13,-46 20,-101 20,-165 0,-38 -4,-78 -10,-121 -6,-42 -10,-72 -10,-89 17,-29 32,-80 45,-152 13,-72 22,-151 29,-238 6,-87 10,-177 12,-270 2,-94 3,-176 3,-248l0 -229c0,-42 9,-87 26,-134 17,-46 36,-101 57,-165 0,-106 -3,-201 -9,-286 -7,-84 -14,-165 -23,-241 -8,-76 -16,-153 -22,-229 -6,-76 -9,-159 -9,-248 -26,0 -51,-1 -77,-3 -25,-2 -51,-3 -76,-3 -152,0 -297,13 -432,38 -136,25 -269,38 -400,38 -47,0 -96,-1 -147,-3 -50,-2 -112,-3 -184,-3l0 -401c17,-17 25,-40 25,-70 0,-21 -3,-44 -9,-69 -6,-26 -10,-49 -10,-70 0,-51 19,-89 58,-115l82 0c51,0 81,12 89,35 9,24 38,44 89,61 68,-43 164,-72 289,-89 125,-17 260,-26 404,-26 131,0 242,2 333,7 92,4 173,8 245,12 72,5 143,9 213,13 70,4 151,8 245,13l540 19c216,4 385,7 508,9 123,2 216,5 280,7 63,2 103,5 117,9 15,4 23,9 23,13 0,8 -8,15 -23,19 -14,4 -31,8 -50,13 -19,4 -38,9 -58,16 -19,6 -32,18 -41,35l0 6 57 -19c0,51 11,82 32,95 21,13 32,28 32,45l-13 38 57 38 7 191c-13,0 -38,-6 -77,-16 -38,-11 -67,-16 -89,-16l-12 12c0,5 2,9 6,13l57 127 -165 0c34,-21 51,-34 51,-38l0 -6 -38 -19c-4,-9 -13,-16 -26,-23 -12,-6 -38,-20 -76,-41l-57 38c59,21 89,36 89,45 0,8 -5,22 -16,41 -11,19 -16,50 -16,92 -68,0 -122,8 -162,22 -40,15 -76,30 -108,45 -32,15 -68,30 -108,44 -40,15 -94,23 -162,23 0,-26 -19,-38 -57,-38 -38,0 -79,6 -121,19 -42,12 -74,19 -95,19 0,-22 -23,-35 -67,-42 -45,-6 -88,-32 -130,-79zm-452 2358c-4,4 -23,6 -57,6 0,89 -16,154 -47,194 -32,40 -73,60 -124,60l0 -171 -83 0c0,84 3,163 10,235 6,72 30,150 73,235 68,-123 120,-232 159,-327 38,-96 67,-179 89,-251l-20 19zm-12 -1386c-21,43 -43,81 -64,115 -21,34 -42,50 -63,50l-45 255c0,21 -2,34 -6,38 -4,4 -17,6 -38,6l0 83 44 0 96 -197c33,-72 55,-131 63,-175 9,-44 13,-103 13,-175zm-89 928c-43,64 -70,101 -83,111 -13,11 -40,16 -82,16l0 254c21,-42 40,-77 57,-105 17,-27 25,-62 25,-104l45 0 38 -172zm89 -172l-45 0 0 89c21,0 34,-3 38,-9 5,-6 7,-33 7,-80zm-127 -1728l0 83 82 -83 -82 0zm419 2199l0 120 32 -76c0,-8 -3,-15 -10,-19 -6,-4 -13,-13 -22,-25zm1360 -2790l-38 0 -13 6 51 -6zm1023 4436c-51,-9 -123,-17 -216,-26 -93,-8 -192,-18 -295,-28 -104,-11 -205,-23 -302,-35 -98,-13 -178,-26 -242,-38 -93,-89 -180,-171 -260,-245 -81,-74 -151,-148 -210,-223 -59,-74 -110,-182 -153,-324 -42,-142 -63,-263 -63,-365 0,-59 8,-127 25,-203 60,0 89,-9 89,-26 0,-13 -4,-26 -12,-41 -9,-15 -13,-29 -13,-41 0,-30 32,-62 95,-96 9,21 43,32 102,32 47,0 41,17 -16,51 -57,34 -51,45 19,35 70,-11 138,-19 203,-26 66,-6 124,-9 175,-9 89,0 142,15 159,44l0 331c21,17 32,34 32,51 0,25 -6,53 -19,82 -13,30 -29,61 -48,92 -19,32 -2,41 51,26 53,-15 79,-14 79,3l70 0c-89,85 -37,155 156,210 193,55 321,91 384,108l20 0c25,0 77,16 155,47 79,32 177,48 296,48 68,0 135,-7 203,-22 68,-15 144,-39 229,-73 140,-30 259,-121 359,-274 100,-152 149,-273 149,-362l0 -140c-97,-122 -177,-223 -238,-301 -61,-79 -113,-118 -156,-118 -29,0 -55,4 -76,13 -21,8 -38,12 -51,12 -29,0 -49,-10 -57,-31 -381,-17 -706,-84 -975,-201 -270,-116 -497,-238 -684,-365 -25,0 -44,-6 -57,-19 -13,-13 -24,-26 -35,-41 -10,-15 -20,-29 -28,-42 -9,-12 -22,-19 -39,-19 -12,-21 -28,-34 -47,-38 -19,-4 -38,-6 -57,-6 -19,0 -39,-2 -58,-7 -19,-4 -37,-16 -54,-38l-44 0 0 -82c0,-47 1,-91 3,-134 2,-42 16,-80 41,-114 -25,0 -59,-8 -101,-22 -43,-15 -77,-23 -102,-23 25,-42 39,-83 41,-123 2,-41 4,-84 4,-131 -26,0 -43,-6 -51,-19 -9,-13 -26,-19 -51,-19 25,-42 42,-84 51,-124 8,-40 25,-81 51,-124l57 0 -19 -292 44 44c51,-161 145,-303 283,-425 138,-123 298,-224 480,-302 182,-79 357,-138 524,-178 167,-40 346,-61 537,-61 25,0 53,2 83,4 29,2 57,3 82,3 60,21 117,50 172,86 55,36 123,64 203,85l191 121c13,85 44,134 95,146 51,13 117,19 197,19l95 255 102 0c26,42 52,82 80,120 27,38 54,66 79,83 81,89 121,191 121,305 42,119 44,205 6,261 -123,0 -232,6 -327,19 -95,12 -130,42 -105,89 -93,0 -199,-34 -318,-102l45 -83 -102 0c0,-38 -9,-78 -29,-120 -19,-43 -28,-85 -28,-128l-102 0 0 -44c-8,0 -13,-2 -13,-6 0,-9 4,-19 10,-32 6,-13 10,-32 10,-57 0,-22 -40,-60 -118,-115 -78,-55 -139,-104 -181,-146 -106,0 -209,-6 -308,-19 -100,-13 -192,-19 -277,-19 -237,0 -385,7 -445,22 -59,15 -111,43 -155,83 -45,40 -83,98 -115,175 -31,76 -56,175 -73,298l191 375c93,85 272,159 537,223 265,63 497,110 696,139 199,30 356,78 470,143 114,66 239,120 375,162 51,39 98,85 143,140 44,55 92,111 143,169 51,57 75,102 73,136 -2,34 31,64 98,89 60,102 89,214 89,337 0,144 -28,292 -85,445 -58,152 -112,294 -162,426 -43,63 -82,109 -118,136 -36,28 -71,52 -105,73 -34,22 -68,47 -102,77 -33,29 -69,74 -108,133 -59,13 -112,19 -158,19 -26,0 -52,-1 -80,-3 -27,-2 -52,-3 -73,-3 51,34 76,74 76,121 -80,21 -151,42 -213,63 -61,21 -132,42 -212,64 -81,12 -147,19 -197,19 -64,0 -120,-5 -169,-13 -49,-8 -107,-13 -175,-13l-76 0c-21,0 -44,2 -70,7zm744 -4430c-81,21 -173,34 -277,38 -104,5 -208,7 -314,7l216 171c80,-21 132,-36 155,-44 24,-9 44,-15 61,-19l70 -19c17,-5 41,-11 73,-19 32,-9 71,-17 117,-26 -25,-21 -42,-36 -50,-44 -9,-9 -26,-24 -51,-45zm-2091 1341c30,-21 52,-50 67,-86 15,-36 49,-62 105,-79l-32 -248 44 0 13 -127 -108 -6c-30,122 -49,209 -57,260 -9,51 -15,102 -19,153l-13 133zm2694 826c22,21 51,47 89,77 39,29 68,57 89,82l-31 121c-26,-4 -49,-16 -70,-35 -21,-19 -47,-31 -77,-35l-12 44c148,111 275,174 381,191 -38,-59 -74,-115 -108,-168 -34,-53 -66,-103 -95,-150 -17,-21 -31,-40 -42,-57 -10,-17 -24,-32 -41,-44l-63 -83 -20 57zm-2478 -864c-25,0 -53,21 -83,64 -29,42 -69,63 -120,63l101 337c26,-47 43,-100 51,-159 9,-59 26,-119 51,-178l0 -127zm2536 1309c29,47 65,90 108,130 42,41 59,82 51,124l266 83 -425 -337zm-2930 375c-4,4 -28,6 -70,6 0,43 -8,83 -25,121 -17,38 -26,68 -26,89 5,17 15,26 32,26 21,0 42,-34 64,-102 4,-38 21,-87 50,-146l-25 6zm2707 -871l-57 128c25,0 42,-6 51,-16 8,-11 23,-48 44,-112l-38 0zm-2256 858l-57 0 0 83c25,0 41,-2 48,-6 6,-5 9,-30 9,-77zm-19 401l51 -115c-21,9 -35,23 -41,42 -7,19 -31,37 -73,54l63 19zm-127 152c21,-8 39,-24 54,-47 15,-24 33,-40 54,-48l-70 -19c13,17 13,33 0,48 -13,14 -25,37 -38,66z"/>
   <path class="fil0" d="M794 1057l732 -137 137 732 -732 137 -137 -732zm283 -2c-22,8 -47,26 -77,52 -29,27 -65,48 -104,63l161 435c8,-94 14,-184 17,-271 3,-87 22,-171 60,-253l-57 -26zm418 51c-21,42 -43,80 -64,114 -21,34 -42,51 -63,51l-45 254c0,21 -2,34 -6,38 -4,4 -17,7 -38,7l0 82 44 0 95 -197c34,-72 56,-130 64,-175 8,-44 13,-102 13,-174z"/>
   <rect class="fil1" x="404" y="8790" width="7729" height="488"/>
   <text x="408" y="8413"  class="fil2 fnt0">I</text>
   <text x="609" y="8413"  class="fil2 fnt0">n</text>
   <text x="1003" y="8413"  class="fil2 fnt0">t</text>
   <text x="1255" y="8413"  class="fil2 fnt0">e</text>
   <text x="1631" y="8413"  class="fil2 fnt0">g</text>
   <text x="1986" y="8413"  class="fil2 fnt0">r</text>
   <text x="2237" y="8413"  class="fil2 fnt0">a</text>
   <text x="2606" y="8413"  class="fil2 fnt0">l </text>
   <text x="2959" y="8413"  class="fil2 fnt0">T</text>
   <text x="3266" y="8413"  class="fil2 fnt0">e</text>
   <text x="3642" y="8413"  class="fil2 fnt0">c</text>
   <text x="3956" y="8413"  class="fil2 fnt0">h</text>
   <text x="4357" y="8413"  class="fil2 fnt0">n</text>
   <text x="4758" y="8413"  class="fil2 fnt0">i</text>
   <text x="4944" y="8413"  class="fil2 fnt0">c</text>
   <text x="5254" y="8413"  class="fil2 fnt0">a</text>
   <text x="5623" y="8413"  class="fil2 fnt0">l </text>
   <text x="5976" y="8413"  class="fil2 fnt0">S</text>
   <text x="6330" y="8413"  class="fil2 fnt0">e</text>
   <text x="6706" y="8413"  class="fil2 fnt0">r</text>
   <text x="6980" y="8413"  class="fil2 fnt0">v</text>
   <text x="7334" y="8413"  class="fil2 fnt0">i</text>
   <text x="7520" y="8413"  class="fil2 fnt0">c</text>
   <text x="7834" y="8413"  class="fil2 fnt0">e</text>
  </g>
 </g>
</svg>
